9.77668
1.62572
10.8695
10.0201
NA
1.52384
11.6264
10.9605
2.65241
7.58831
3.698
1.17048
6.56665
3.34198
2.26058
6.56258
11.9146
NA
11.4901
11.9575
11.5787
11.6123
1.89136
8.71007
NA
11.6471
11.7733
11.486
1.31834
NA
5.82451
NA
9.57727
NA
NA
9.60337
3.56435
NA
1.70264
NA
0.0574018
5.06114
NA
1.34957
10.9888
7.67716
9.50649
10.5412
NA
NA
11.5139
6.04395
7.86889
9.57514
0.42854
NA
4.33553
10.1896
2.54309
11.2079
NA
8.17631
NA
8.14482
NA
NA
4.78486
9.09288
NA
8.88777
NA
NA
8.91759
5.6971
4.70672
5.06505
NA
NA
7.86573
2.08638
2.05424
3.62296
8.47255
9.56736
0.381994
3.79861
NA
3.32308
10.4691
0.554057
NA
1.78937
NA
1.16558
11.9288
NA
9.88149
9.86284
NA
NA
8.33794
1.50219
3.80519
9.165
11.4027
NA
5.88707
NA
NA
NA
0.413353
7.96327
5.26493
1.51076
4.5787
2.52251
9.1862
NA
0.614597
9.5424
NA
0.437295
2.24247
4.90477
5.87717
5.49587
5.34703
NA
5.85083
NA
7.75576
9.5277
8.51238
NA
11.0505
NA
NA
9.05624
9.69037
3.3123
NA
NA
8.46929
8.15643
0.0338212
NA
7.86118
8.52845
1.95134
NA
NA
NA
NA
7.72753
1.42797
NA
5.47239
NA
NA
5.98037
NA
NA
NA
9.28701
NA
11.5169
6.88506
4.08463
10.5211
7.02321
9.69811
NA
2.68574
NA
NA
NA
NA
0.213287
NA
9.0152
NA
NA
9.85495
NA
3.06114
9.85009
6.07148
11.2809
8.38892
4.952
10.6908
NA
NA
NA
5.07798
11.5115
6.97148
NA
6.56659
1.89669
1.66349
9.14077
1.79153
2.76187
3.0901
NA
NA
9.71681
NA
10.0886
11.8623
NA
3.05139
3.98938
NA
NA
9.77142
NA
3.59798
NA
2.9223
0.16247
11.1512
2.60685
NA
4.19981
NA
NA
10.8884
2.35914
10.1816
3.01301
NA
NA
NA
11.4602
7.39254
NA
9.34677
5.67947
11.8495
4.21991
0.811145
9.96994
9.52317
7.02317
NA
NA
7.13404
6.59668
8.79358
11.0063
NA
NA
8.34279
3.43007
8.15784
9.0864
4.70785
9.04475
NA
6.73869
NA
4.56535
2.49682
NA
6.81386
NA
6.32846
0.910252
4.8505
NA
0.647401
4.23315
6.36957
7.11389
9.35001
4.27614
11.2081
11.5796
1.55887
1.85326
6.82588
4.7389
5.63269
4.64755
0.142825
8.72346
4.04547
4.66284
1.94619
NA
11.1299
9.53141
5.23341
3.73458
10.3521
6.3424
7.44432
1.98778
1.43457
7.22378
NA
5.66348
3.15566
NA
4.08264
7.84895
NA
NA
NA
6.3581
NA
8.27057
8.59321
NA
8.97782
11.8606
5.4065
8.64592
1.00586
10.9509
NA
NA
2.74772
6.06598
NA
NA
10.96
6.69923
1.82854
NA
NA
NA
NA
NA
NA
NA
6.03828
9.9098
5.54969
NA
6.46011
6.5591
NA
11.9536
NA
5.37101
0.938106
NA
NA
10.2534
5.31214
NA
NA
NA
NA
7.25078
1.27983
5.98253
11.5428
11.7591
NA
0.0556107
0.411808
9.29893
11.724
9.80764
4.35824
10.4243
NA
8.15424
1.01323
NA
NA
NA
4.1548
4.79739
NA
10.2705
3.11844
NA
0.540715
9.60082
7.92143
NA
5.17697
8.99929
10.9278
1.59595
NA
NA
2.18216
NA
11.7883
NA
3.16564
1.14426
1.74647
3.39208
1.63282
9.62534
10.4315
NA
0.930684
6.95646
7.52861
NA
6.59832
0.0971269
1.73946
8.16344
10.2364
6.4072
NA
NA
7.46466
5.264
4.21143
NA
NA
2.39461
6.15899
1.65602
NA
NA
4.8217
4.588
0.9116
NA
9.14906
2.87899
0.485653
1.47983
3.03547
2.20689
6.05725
2.87943
NA
9.87126
NA
NA
5.0072
11.7807
0.595853
NA
NA
NA
9.88146
10.8326
NA
NA
3.62193
11.3374
0.575331
5.89037
2.97417
5.87103
6.52867
NA
4.05263
NA
10.6527
10.8006
4.12607
4.43096
0.399223
NA
NA
NA
1.33443
1.95447
NA
NA
9.36302
10.5284
4.67687
2.52362
2.9003
3.27304
NA
NA
4.84695
NA
NA
5.9093
NA
NA
1.15745
NA
2.68104
NA
1.58368
5.88362
11.3046
NA
NA
NA
NA
11.4593
